∑‚±’≤‚ ‘
Precision: 0.9297297297297298
Recall: 0.8113207547169812
ø™∑≈≤‚ ‘
Precision: 0.883248730964467
Recall: 0.4627659574468085
