∑‚±’≤‚ ‘
Precision: 0.9448051948051948
Recall: 0.773936170212766
ø™∑≈≤‚ ‘
Precision: 0.7583333333333333
Recall: 0.21462264150943397