∑‚±’≤‚ ‘
Precision: 0.9972972972972973
Recall: 0.9813829787234043
ø™∑≈≤‚ ‘
Precision: 0.9330985915492958
Recall: 0.625