∑‚±’≤‚ ‘
Precision: 0.9902912621359223
Recall: 0.9622641509433962
ø™∑≈≤‚ ‘
Precision: 0.9861111111111112
Recall: 0.9441489361702128