∑‚±’≤‚ ‘
Precision: 0.9854368932038835
Recall: 0.9575471698113207
ø™∑≈≤‚ ‘
Precision: 0.9777777777777777
Recall: 0.9361702127659575