∑‚±’≤‚ ‘
Precision: 0.9878345498783455
Recall: 0.9575471698113207
ø™∑≈≤‚ ‘
Precision: 0.9832869080779945
Recall: 0.9388297872340425