∑‚±’≤‚ ‘
Precision: 0.9491525423728814
Recall: 0.7446808510638298
ø™∑≈≤‚ ‘
Precision: 0.5737704918032787
Recall: 0.08254716981132075