∑‚±’≤‚ ‘
Precision: 0.8826979472140762
Recall: 0.7099056603773585
ø™∑≈≤‚ ‘
Precision: 0.9696969696969697
Recall: 0.2553191489361702