∑‚±’≤‚ ‘
Precision: 1.0
Recall: 0.9867021276595744
ø™∑≈≤‚ ‘
Precision: 0.9493243243243243
Recall: 0.6627358490566038