∑‚±’≤‚ ‘
Precision: 0.9973045822102425
Recall: 0.9840425531914894
ø™∑≈≤‚ ‘
Precision: 0.9525316455696202
Recall: 0.7099056603773585