∑‚±’≤‚ ‘
Precision: 0.983451536643026
Recall: 0.9811320754716981
ø™∑≈≤‚ ‘
Precision: 0.9808743169398907
Recall: 0.9547872340425532