∑‚±’≤‚ ‘
Precision: 0.9691358024691358
Recall: 0.8351063829787234
ø™∑≈≤‚ ‘
Precision: 0.7204301075268817
Recall: 0.3160377358490566