∑‚±’≤‚ ‘
Precision: 0.9881235154394299
Recall: 0.9811320754716981
ø™∑≈≤‚ ‘
Precision: 0.9782016348773842
Recall: 0.9547872340425532