∑‚±’≤‚ ‘
Precision: 1.0
Recall: 0.9834905660377359
ø™∑≈≤‚ ‘
Precision: 0.9917127071823204
Recall: 0.9547872340425532