∑‚±’≤‚ ‘
Precision: 0.9697885196374623
Recall: 0.8537234042553191
ø™∑≈≤‚ ‘
Precision: 0.7464114832535885
Recall: 0.36792452830188677