∑‚±’≤‚ ‘
Precision: 0.9945054945054945
Recall: 0.9627659574468085
ø™∑≈≤‚ ‘
Precision: 0.9457627118644067
Recall: 0.6580188679245284