∑‚±’≤‚ ‘
Precision: 0.9112271540469974
Recall: 0.8231132075471698
ø™∑≈≤‚ ‘
Precision: 0.9207547169811321
Recall: 0.648936170212766