∑‚±’≤‚ ‘
Precision: 0.994579945799458
Recall: 0.976063829787234
ø™∑≈≤‚ ‘
Precision: 0.940625
Recall: 0.7099056603773585