∑‚±’≤‚ ‘
Precision: 0.9696969696969697
Recall: 0.851063829787234
ø™∑≈≤‚ ‘
Precision: 0.7320574162679426
Recall: 0.3608490566037736