∑‚±’≤‚ ‘
Precision: 0.88
Recall: 0.7264150943396226
ø™∑≈≤‚ ‘
Precision: 0.9322916666666666
Recall: 0.47606382978723405
