∑‚±’≤‚ ‘
Precision: 0.994579945799458
Recall: 0.976063829787234
ø™∑≈≤‚ ‘
Precision: 0.919093851132686
Recall: 0.6698113207547169