∑‚±’≤‚ ‘
Precision: 0.9893048128342246
Recall: 0.9840425531914894
ø™∑≈≤‚ ‘
Precision: 0.9131832797427653
Recall: 0.6698113207547169